10 0
20 0
30 0
40 0.001
50 0
60 0.001
70 0.002
80 0.002
90 0.004
100 0.005
110 0.006
120 0.009
130 0.01
140 0.014
150 0.016
160 0.019
170 0.024
180 0.028
190 0.034
200 0.038
210 0.044
220 0.051
230 0.059
240 0.067
250 0.075
260 0.084
270 0.095
280 0.106
290 0.117
300 0.131
310 0.145
320 0.158
330 0.174
340 0.19
350 0.209
360 0.226
370 0.245
380 0.267
390 0.287
400 0.311
410 0.338
420 0.36
430 0.423
440 0.414
450 0.442
460 0.473
470 0.505
480 0.539
490 0.571
500 0.607
510 0.646
520 0.683
530 0.724
540 0.766
550 0.81
560 0.856
570 0.902
580 0.948
590 1
600 1.052
610 1.107
620 1.161
630 1.217
640 1.276
650 1.34
660 1.438
670 1.466
680 1.534
690 1.604
700 1.671
710 1.745
720 1.819
730 1.896
740 1.99
750 2.06
760 2.143
770 2.228
780 2.313
790 2.404
800 2.497
810 2.591
820 2.689
830 2.789
840 2.892
850 2.999
860 3.113
870 3.213
880 3.325
890 3.44
900 3.558
910 3.675
920 3.801
930 3.931
940 4.056
950 4.183
960 4.325
970 4.46
980 4.593
990 4.737
1000 4.885
1010 5.029
1020 5.184
1030 5.348
1040 5.499
1050 5.666
1060 5.969
1070 5.983
1080 6.162
1090 6.328
1100 6.505
1110 6.68
1120 6.91
1130 7.066
1140 7.236
1150 7.453
1160 7.712
1170 7.825
1180 8.043
1190 8.236
1200 8.456
1210 8.662
1220 8.889
1230 9.111
1240 9.34
1250 9.566
1260 9.811
1270 10.056
1280 10.278
1290 10.515
1300 10.752
1310 11.035
1320 11.263
1330 11.564
1340 11.783
1350 12.038
1360 12.312
1370 12.587
1380 12.866
1390 13.358
1400 13.431
1410 13.719
1420 14.057
1430 14.346
1440 14.614
1450 14.917
1460 15.262
1470 15.607
1480 15.908
1490 16.235
1500 16.556
1510 16.86
1520 17.202
1530 17.551
1540 17.896
1550 18.266
1560 18.971
1570 19.049
1580 19.352
1590 19.748
1600 20.101
1610 20.498
1620 20.855
1630 21.247
1640 21.653
1650 22.045
1660 22.534
1670 22.845
1680 23.28
1690 23.693
1700 24.12
1710 24.581
1720 24.979
1730 25.431
1740 25.89
1750 26.33
1760 26.755
1770 27.4
1780 27.734
1790 28.165
1800 28.737
1810 29.186
1820 29.717
1830 30.129
1840 30.683
1850 31.218
1860 31.575
1870 32.207
1880 32.693
1890 33.211
1900 33.877
1910 34.326
1920 34.948
1930 35.411
1940 36.073
1950 36.551
1960 37.034
1970 37.734
1980 38.341
1990 38.807
2000 39.578
2010 40.183
2020 40.738
2030 41.312
2040 41.982
2050 43.832
2060 44.15
2070 45.451
2080 45.95
2090 46.978
2100 47.081
2110 48.277
2120 48.983
2130 49.663
2140 50.356
2150 51.522
2160 51.933
2170 53.069
2180 57.296
2190 55.845
2200 55.094
2210 56.917
2220 58.228
2230 57.167
2240 58.252
2250 59.347
2260 59.188
2270 61.148
2280 61.436
2290 61.508
2300 63.656
2310 65.297
2320 66.396
2330 65.114
2340 67.212
2350 68.785
2360 68.481
2370 69.026
2380 71.288
2390 72.963
