10 0
20 0
30 0
40 0
50 0
60 0
70 0
80 0
90 0
100 0
110 0
120 0.015
130 0.016
140 0
150 0
160 0.016
170 0.015
180 0
190 0.016
200 0.031
210 0.016
220 0.015
230 0.047
240 0.016
250 0.047
260 0.031
270 0.062
280 0.047
290 0.063
300 0.047
310 0.078
320 0.078
330 0.078
340 0.109
350 0.11
360 0.125
370 0.094
380 0.125
390 0.14
400 0.141
410 0.187
420 0.157
430 0.187
440 0.203
450 0.219
460 0.219
470 0.234
480 0.281
490 0.266
500 0.297
510 0.312
520 0.313
530 0.359
540 0.36
550 0.406
560 0.406
570 0.422
580 0.453
590 0.5
600 0.5
610 0.516
620 0.562
630 0.594
640 0.609
650 0.641
660 0.687
670 0.704
680 0.734
690 0.75
700 0.797
710 0.859
720 0.875
730 0.906
740 0.938
750 1
760 1.031
770 1.063
780 1.125
790 1.203
800 1.188
810 1.25
820 1.297
830 1.328
840 1.406
850 1.438
860 1.5
870 1.547
880 1.609
890 1.641
900 1.718
910 1.782
920 1.828
930 1.906
940 1.937
950 2.047
960 2.078
970 2.157
980 2.187
990 2.281
1000 2.36
1010 2.453
1020 2.516
1030 2.593
1040 2.641
1050 2.719
1060 2.843
1070 2.907
1080 3.015
1090 3.094
1100 3.172
1110 3.266
1120 3.406
1130 3.437
1140 3.516
1150 3.656
1160 3.719
1170 3.812
1180 3.907
1190 4.031
1200 4.109
1210 4.219
1220 4.344
1230 4.437
1240 4.532
1250 4.671
1260 4.75
1270 4.86
1280 5.015
1290 5.125
1300 5.235
1310 5.391
1320 5.469
1330 5.593
1340 5.766
1350 5.859
1360 5.969
1370 6.124
1380 6.329
1390 6.406
1400 6.594
1410 6.765
1420 6.86
1430 7.015
1440 7.125
1450 7.266
1460 7.39
1470 7.563
1480 7.75
1490 7.891
1500 8.062
1510 8.203
1520 8.375
1530 8.531
1540 8.688
1550 8.89
1560 9.062
1570 9.235
1580 9.359
1590 9.594
1600 9.86
1610 9.968
1620 10.188
1630 10.343
1640 10.5
1650 10.688
1660 10.922
1670 11.172
1680 11.328
1690 11.672
1700 11.797
1710 11.953
1720 12.156
1730 12.36
1740 12.53
1750 12.75
1760 12.969
1770 13.219
1780 13.5
1790 13.766
1800 14.078
1810 14.172
1820 14.515
1830 14.657
1840 15.14
1850 15.219
1860 15.437
1870 15.906
1880 15.875
1890 16.125
1900 16.375
1910 16.594
1920 16.938
1930 17.234
1940 17.547
1950 17.703
1960 18.016
1970 18.313
1980 18.546
1990 18.875
2000 19.156
2010 19.406
2020 19.735
2030 19.969
2040 20.265
2050 20.579
2060 20.905
2070 21.156
2080 21.485
2090 21.906
2100 22.156
2110 22.454
2120 22.985
2130 23.047
2140 23.468
2150 23.766
2160 24.094
2170 24.422
2180 24.765
2190 25.094
2200 25.422
2210 25.797
2220 26.125
2230 26.484
2240 26.875
2250 27.187
2260 27.703
2270 28
2280 28.328
2290 28.734
2300 29.766
2310 29.5
2320 29.859
2330 30.172
2340 30.672
2350 30.968
2360 31.422
2370 31.828
2380 32.61
2390 32.687
2400 33.126
2410 33.453
2420 33.891
2430 34.297
2440 34.734
2450 35.188
2460 35.656
2470 36.015
2480 36.454
2490 36.874
2500 37.297
2510 37.781
2520 38.297
2530 38.531
2540 38.969
2550 39.406
2560 39.875
2570 57.751
2580 40.875
2590 41.327
2600 41.797
2610 42.328
2620 42.75
2630 43.407
2640 44.125
2650 44.515
2660 45.125
2670 45.563
2680 45.969
2690 46.468
2700 47.079
2710 47.484
2720 48.109
2730 49.219
2740 51
