10 0
20 0.001
30 0
40 0
50 0
60 0
70 0.001
80 0.001
90 0.001
100 0.002
110 0.002
120 0.003
130 0.004
140 0.005
150 0.005
160 0.006
170 0.008
180 0.01
190 0.011
200 0.014
210 0.014
220 0.018
230 0.02
240 0.022
250 0.026
260 0.029
270 0.032
280 0.035
290 0.039
300 0.044
310 0.048
320 0.054
330 0.058
340 0.064
350 0.069
360 0.075
370 0.082
380 0.089
390 0.096
400 0.103
410 0.112
420 0.119
430 0.128
440 0.137
450 0.147
460 0.156
470 0.165
480 0.18
490 0.188
500 0.201
510 0.212
520 0.226
530 0.24
540 0.254
550 0.267
560 0.282
570 0.296
580 0.311
590 0.327
600 0.346
610 0.362
620 0.381
630 0.399
640 0.419
650 0.439
660 0.459
670 0.481
680 0.502
690 0.525
700 0.547
710 0.57
720 0.597
730 0.621
740 0.649
750 0.674
760 0.702
770 0.73
780 0.758
790 0.785
800 0.817
810 0.846
820 0.877
830 0.911
840 0.943
850 0.98
860 1.012
870 1.047
880 1.085
890 1.121
900 1.16
910 1.197
920 1.237
930 1.279
940 1.319
950 1.361
960 1.404
970 1.448
980 1.497
990 1.542
1000 1.589
1010 1.637
1020 1.683
1030 1.734
1040 1.788
1050 1.837
1060 1.89
1070 1.943
1080 2.002
1090 2.053
1100 2.116
1110 2.201
1120 2.239
1130 2.293
1140 2.352
1150 2.417
1160 2.482
1170 2.541
1180 2.61
1190 2.672
1200 2.745
1210 2.811
1220 2.882
1230 2.961
1240 3.027
1250 3.106
1260 3.18
1270 3.249
1280 3.334
1290 3.41
1300 3.532
1310 3.713
1320 3.893
1330 3.868
1340 3.893
1350 3.956
1360 4.024
1370 4.1
1380 4.447
1390 4.263
1400 4.421
1410 4.453
1420 4.554
1430 4.648
1440 4.736
1450 4.84
1460 4.983
1470 5.041
1480 5.166
1490 5.247
1500 5.363
1510 5.496
1520 5.573
1530 5.719
1540 5.809
1550 5.926
1560 6.032
1570 6.188
1580 6.274
1590 6.4
1600 6.514
1610 6.645
1620 6.741
1630 6.881
1640 7.003
1650 7.151
1660 7.3
1670 7.413
1680 7.534
1690 7.763
1700 7.801
1710 7.988
1720 8.08
1730 8.221
1740 8.352
1750 8.572
1760 8.651
1770 8.853
1780 8.947
1790 9.163
1800 9.381
1810 9.504
1820 9.555
1830 9.871
1840 9.908
1850 10.056
1860 10.207
1870 10.524
1880 10.582
1890 10.748
1900 10.887
1910 11.216
1920 11.307
1930 11.485
1940 11.594
1950 12.036
1960 12.046
1970 12.248
1980 12.714
1990 14.743
2000 14.286
2010 13.846
2020 13.317
2030 13.608
2040 13.7
2050 14.007
2060 14.06
2070 14.43
2080 14.697
2090 14.626
2100 14.987
2110 15.398
2120 15.49
2130 16.096
2140 17.017
2150 18.715
2160 17.133
2170 16.808
2180 17.148
2190 17.573
2200 17.755
2210 18.005
2220 18.62
2230 18.511
2240 18.867
2250 19.627
2260 19.653
2270 19.79
2280 20.447
2290 20.735
2300 20.803
2310 21.019
2320 21.235
2330 21.492
2340 21.971
2350 22.283
2360 22.816
2370 22.799
2380 23.404
2390 23.789
2400 24.226
2410 24.711
2420 25.384
2430 24.528
2440 24.3
2450 24.995
2460 25.449
2470 25.881
2480 26.349
2490 26.683
2500 27.094
2510 27.676
2520 28.17
2530 28.281
2540 28.751
2550 31.317
2560 30.493
2570 30.253
2580 29.274
2590 30.447
2600 31.122
2610 31.729
2620 32.018
2630 31.226
2640 31.285
2650 31.855
2660 32.723
2670 32.944
2680 34.559
2690 34.292
2700 33.777
2710 34.641
2720 37.612
2730 35.563
2740 35.618
