10 0
20 0
30 0
40 0
50 0
60 0
70 0
80 0
90 0
100 0.015
110 0
120 0
130 0
140 0.016
150 0
160 0.016
170 0
180 0.015
190 0.016
200 0.015
210 0.032
220 0.015
230 0.032
240 0.031
250 0.031
260 0.031
270 0.032
280 0.046
290 0.063
300 0.047
310 0.062
320 0.063
330 0.078
340 0.078
350 0.094
360 0.094
370 0.093
380 0.125
390 0.11
400 0.14
410 0.141
420 0.141
430 0.171
440 0.172
450 0.188
460 0.203
470 0.203
480 0.234
490 0.235
500 0.265
510 0.266
520 0.281
530 0.313
540 0.312
550 0.344
560 0.359
570 0.391
580 0.391
590 0.437
600 0.438
610 0.468
620 0.485
630 0.515
640 0.532
650 0.562
660 0.594
670 0.609
680 0.657
690 0.671
700 0.704
710 0.734
720 0.766
730 0.796
740 0.829
750 0.859
760 0.906
770 0.922
780 0.969
790 1.015
800 1.063
810 1.078
820 1.109
830 1.188
840 1.203
850 1.266
860 1.297
870 1.343
880 1.391
890 1.453
900 1.515
910 1.547
920 1.61
930 1.64
940 1.719
950 1.75
960 1.828
970 1.891
980 1.937
990 2.016
1000 2.062
1010 2.125
1020 2.188
1030 2.265
1040 2.297
1050 2.407
1060 2.469
1070 2.547
1080 2.593
1090 2.672
1100 2.75
1110 2.828
1120 2.891
1130 2.969
1140 3.078
1150 3.125
1160 3.25
1170 3.313
1180 3.406
1190 3.516
1200 3.578
1210 3.657
1220 3.781
1230 3.875
1240 3.953
1250 4.062
1260 4.157
1270 4.265
1280 4.36
1290 4.468
1300 4.594
1310 4.656
1320 4.782
1330 4.906
1340 5.016
1350 5.281
1360 5.53
1370 5.516
1380 5.5
1390 5.641
1400 5.781
1410 5.844
1420 5.984
1430 6.094
1440 6.25
1450 6.359
1460 6.516
1470 6.625
1480 6.766
1490 6.906
1500 7.016
1510 7.172
1520 7.312
1530 7.438
1540 7.64
1550 7.782
1560 7.922
1570 8.078
1580 8.219
1590 8.39
1600 8.563
1610 8.687
1620 8.86
1630 9.077
1640 9.25
1650 9.438
1660 9.562
1670 9.703
1680 9.86
1690 10.093
1700 10.235
1710 10.422
1720 10.625
1730 10.812
1740 11.016
1750 11.218
1760 11.501
1770 11.594
1780 11.765
1790 11.985
1800 12.265
1810 12.422
1820 12.625
1830 12.844
1840 13.031
1850 13.266
1860 13.515
1870 13.719
1880 13.922
1890 14.141
1900 14.39
1910 14.563
1920 14.843
1930 15.625
1940 15.406
1950 15.532
1960 15.765
1970 16.047
1980 16.203
1990 16.563
2000 17.328
2010 17.312
2020 17.329
2030 17.61
2040 18.031
2050 18.296
2060 18.36
2070 18.64
2080 18.938
2090 19.203
2100 19.5
2110 19.906
2120 20.094
2130 20.297
2140 20.531
2150 20.875
2160 21.14
2170 21.391
2180 21.641
2190 22.031
2200 22.297
2210 22.61
2220 22.953
2230 23.187
2240 23.625
2250 23.907
2260 24.218
2270 24.594
2280 24.844
2290 25.187
2300 25.531
2310 25.859
2320 26.25
2330 26.594
2340 26.922
2350 27.484
2360 27.547
2370 27.922
2380 28.251
2390 28.625
2400 28.953
2410 29.327
2420 29.703
2430 30.079
2440 30.531
2450 30.828
2460 31.219
2470 31.625
2480 31.983
2490 32.36
2500 32.688
2510 33.14
2520 33.579
2530 33.968
2540 34.375
2550 34.765
2560 35.172
2570 35.656
2580 35.938
2590 36.344
2600 36.922
2610 37.25
2620 37.593
2630 38.079
2640 38.578
2650 39
2660 39.547
2670 39.937
2680 40.391
2690 41.093
2700 43
2710 44.266
2720 42.547
2730 42.703
2740 43.156
2750 43.688
2760 44.125
2770 44.578
2780 45.125
2790 45.657
2800 46.015
2810 46.531
2820 47.219
2830 47.578
2840 48.094
2850 48.593
2860 49.11
2870 49.609
2880 50.141
2890 50.672
2900 51.14
2910 51.797
2920 52.265
2930 52.797
2940 53.359
2950 53.922
2960 54.438
2970 55.062
2980 55.5
2990 56.063
3000 56.703
3010 57.234
3020 57.735
3030 58.375
3040 58.968
3050 59.61
3060 60.094
3070 60.75
3080 61.328
3090 61.859
3100 62.516
3110 63.14
3120 63.719
3130 64.39
3140 64.969
3150 65.593
3160 66.188
3170 66.828
3180 67.469
3190 68.078
3200 68.75
3210 69.422
3220 70.063
3230 70.734
3240 71.485
3250 72.093
3260 72.657
3270 73.859
3280 74.015
3290 74.656
3300 75.485
3310 76.125
3320 76.875
3330 77.312
3340 78.235
3350 84.406
3360 83.422
3370 80.874
3380 82.642
3390 82.046
3400 82.89
3410 83.391
3420 84.625
3430 86.281
3440 87.079
3450 87.906
3460 88.969
3470 88.531
3480 89.906
3490 89.828
3500 89.985
3510 91.078
3520 91.907
3530 93.077
3540 93.109
3550 94.22
3560 95
3570 95.89
3580 96.484
3590 97.266
3600 98.063
3610 98.812
3620 100.062
3630 101.734
3640 102.141
3650 102.954
3660 102.952
3670 104.204
3680 104.75
3690 106.063
3700 106.312
3710 107.562
3720 108
3730 109.016
3740 109.906
3750 111.531
3760 111.687
3770 112.814
3780 113.671
3790 114.328
3800 116.75
3810 116.188
3820 117.921
3830 118.36
3840 119.218
3850 119.829
3860 121.031
3870 122.25
3880 122.875
3890 123.735
3900 124.562
3910 126.015
3920 126.829
3930 127.593
3940 128.688
3950 129.828
3960 130.484
3970 131.563
3980 133.11
3990 133.641
4000 134.468
4010 140.375
4020 152.344
4030 138.235
4040 138.249
4050 139.875
4060 140.344
4070 141.563
4080 142.812
4090 144.719
4100 144.891
4110 146.14
4120 147.218
4130 148.501
4140 149.141
4150 150.687
4160 151.391
4170 152.703
4180 153.921
4190 155.798
4200 156.671
4210 157.313
4220 158.203
4230 159.516
4240 160.375
4250 162.233
4260 162.86
4270 163.906
4280 165.313
4290 166.781
4300 169.093
4310 168.829
4320 169.828
4330 170.829
4340 171.952
4350 173.313
4360 175.594
4370 175.999
4380 177.141
4390 178.031
4400 179.484
4410 180.626
4420 181.812
4430 182.969
4440 185.469
4450 186.234
4460 186.859
4470 188.204
4480 189.999
4490 190.485
4500 191.703
4510 193.375
4520 194.36
4530 195.312
4540 196.75
4550 197.938
4560 199.688
4570 200.968
4580 202.359
4590 203.345
4600 206.546
4610 206.391
4620 207.25
4630 208.687
4640 210.282
4650 211.687
4660 213
4670 214.266
4680 215.64
4690 217.125
4700 219.172
4710 221.109
4720 222.625
4730 223.438
4740 224.734
4750 226.235
4760 227
4770 228.297
4780 229.891
4790 231.218
4800 233.407
4810 234.656
4820 235.594
4830 237.219
4840 240.39
4850 239.438
4860 240.984
4870 242.938
4880 244.906
4890 245.812
4900 246.782
4910 248.906
4920 252.313
4930 252.156
4940 253.516
4950 255.906
4960 256.719
4970 257.953
4980 259.25
4990 260.718
