10 0
20 0
30 0
40 0
50 0
60 0
70 0
80 0
90 0
100 0
110 0
120 0
130 0.001
140 0
150 0
160 0.001
170 0
180 0
190 0
200 0.001
210 0
220 0.001
230 0.001
240 0
250 0
260 0.001
270 0.001
280 0.001
290 0.002
300 0.001
310 0.001
320 0.002
330 0.001
340 0.002
350 0.002
360 0.002
370 0.002
380 0.002
390 0.002
400 0.002
410 0.002
420 0.003
430 0.002
440 0.003
450 0.003
460 0.004
470 0.003
480 0.004
490 0.003
500 0.004
510 0.004
520 0.004
530 0.004
540 0.004
550 0.005
560 0.005
570 0.005
580 0.005
590 0.006
600 0.005
610 0.006
620 0.006
630 0.006
640 0.006
650 0.006
660 0.007
670 0.007
680 0.007
690 0.007
700 0.008
710 0.007
720 0.008
730 0.008
740 0.009
750 0.008
760 0.009
770 0.009
780 0.009
790 0.01
800 0.009
810 0.011
820 0.01
830 0.011
840 0.011
850 0.012
860 0.011
870 0.012
880 0.013
890 0.013
900 0.013
910 0.013
920 0.014
930 0.014
940 0.014
950 0.015
960 0.015
970 0.016
980 0.016
990 0.016
1000 0.016
1010 0.016
1020 0.017
1030 0.018
1040 0.018
1050 0.018
1060 0.018
1070 0.019
1080 0.02
1090 0.019
1100 0.02
1110 0.02
1120 0.021
1130 0.021
1140 0.022
1150 0.022
1160 0.022
1170 0.023
1180 0.023
1190 0.023
1200 0.023
1210 0.024
1220 0.024
1230 0.025
1240 0.026
1250 0.026
1260 0.026
1270 0.027
1280 0.027
1290 0.028
1300 0.027
1310 0.028
1320 0.028
1330 0.029
1340 0.029
1350 0.03
1360 0.03
1370 0.031
1380 0.031
1390 0.031
1400 0.033
1410 0.032
1420 0.033
1430 0.033
1440 0.035
1450 0.034
1460 0.035
1470 0.036
1480 0.036
1490 0.036
1500 0.036
1510 0.037
1520 0.037
1530 0.039
1540 0.039
1550 0.04
1560 0.04
1570 0.041
1580 0.041
1590 0.041
1600 0.042
1610 0.044
1620 0.044
1630 0.044
1640 0.045
1650 0.045
1660 0.047
1670 0.047
1680 0.048
1690 0.049
1700 0.05
1710 0.051
1720 0.051
1730 0.05
1740 0.051
1750 0.052
1760 0.054
1770 0.054
1780 0.054
1790 0.055
1800 0.057
1810 0.056
1820 0.057
1830 0.059
1840 0.059
1850 0.059
1860 0.06
1870 0.062
1880 0.062
1890 0.063
1900 0.063
1910 0.065
1920 0.066
1930 0.066
1940 0.065
1950 0.068
1960 0.069
1970 0.07
1980 0.07
1990 0.072
2000 0.071
2010 0.074
2020 0.073
2030 0.075
2040 0.075
2050 0.077
2060 0.076
2070 0.078
2080 0.079
2090 0.079
2100 0.08
2110 0.081
2120 0.083
2130 0.083
2140 0.082
2150 0.083
2160 0.086
2170 0.085
2180 0.086
2190 0.088
2200 0.088
2210 0.089
2220 0.091
2230 0.091
2240 0.091
2250 0.093
2260 0.093
2270 0.094
2280 0.096
2290 0.095
2300 0.096
2310 0.098
2320 0.101
2330 0.1
2340 0.101
2350 0.103
2360 0.104
2370 0.104
2380 0.105
2390 0.106
2400 0.108
2410 0.108
2420 0.109
2430 0.111
2440 0.112
2450 0.113
2460 0.113
2470 0.114
2480 0.116
2490 0.117
2500 0.118
2510 0.118
2520 0.119
2530 0.12
2540 0.122
2550 0.123
2560 0.123
2570 0.127
2580 0.126
2590 0.127
2600 0.128
2610 0.128
2620 0.13
2630 0.131
2640 0.132
2650 0.134
2660 0.133
2670 0.136
2680 0.137
2690 0.138
2700 0.139
2710 0.14
2720 0.141
2730 0.144
2740 0.148
2750 0.143
2760 0.146
2770 0.147
2780 0.148
2790 0.149
2800 0.152
2810 0.152
2820 0.153
2830 0.153
2840 0.154
2850 0.156
2860 0.158
2870 0.159
2880 0.16
2890 0.162
2900 0.163
2910 0.164
2920 0.164
2930 0.166
2940 0.167
2950 0.169
2960 0.171
2970 0.171
2980 0.174
2990 0.174
3000 0.175
3010 0.176
3020 0.178
3030 0.179
3040 0.18
3050 0.18
3060 0.182
3070 0.183
3080 0.186
3090 0.185
3100 0.188
3110 0.189
3120 0.19
3130 0.194
3140 0.195
3150 0.195
3160 0.198
3170 0.2
3180 0.2
3190 0.203
3200 0.203
3210 0.204
3220 0.208
3230 0.209
3240 0.209
3250 0.211
3260 0.214
3270 0.214
3280 0.217
3290 0.218
3300 0.221
3310 0.222
3320 0.223
3330 0.225
3340 0.226
3350 0.228
3360 0.233
3370 0.232
3380 0.233
3390 0.235
3400 0.234
3410 0.237
3420 0.24
3430 0.242
3440 0.245
3450 0.244
3460 0.248
3470 0.249
3480 0.251
3490 0.251
3500 0.254
3510 0.257
3520 0.257
3530 0.257
3540 0.262
3550 0.263
3560 0.263
3570 0.266
3580 0.268
3590 0.268
3600 0.272
3610 0.274
3620 0.274
3630 0.277
3640 0.279
3650 0.28
3660 0.282
3670 0.283
3680 0.287
3690 0.287
3700 0.288
3710 0.292
3720 0.293
3730 0.295
3740 0.298
3750 0.3
3760 0.303
3770 0.303
3780 0.304
3790 0.306
3800 0.307
3810 0.31
3820 0.312
3830 0.313
3840 0.316
3850 0.318
3860 0.318
3870 0.32
3880 0.326
3890 0.326
3900 0.329
3910 0.331
3920 0.331
3930 0.333
3940 0.337
3950 0.338
3960 0.341
3970 0.341
3980 0.343
3990 0.345
4000 0.348
4010 0.35
4020 0.353
4030 0.354
4040 0.355
4050 0.358
4060 0.362
4070 0.362
4080 0.364
4090 0.366
4100 0.367
4110 0.37
4120 0.373
4130 0.372
4140 0.374
4150 0.378
4160 0.378
4170 0.379
4180 0.383
4190 0.384
4200 0.385
4210 0.388
4220 0.39
4230 0.392
4240 0.396
4250 0.395
4260 0.397
4270 0.402
4280 0.399
4290 0.403
4300 0.405
4310 0.407
4320 0.41
4330 0.412
4340 0.414
4350 0.416
4360 0.419
4370 0.419
4380 0.419
4390 0.425
4400 0.425
4410 0.427
4420 0.431
4430 0.432
4440 0.433
4450 0.434
4460 0.435
4470 0.438
4480 0.441
4490 0.44
4500 0.443
4510 0.447
4520 0.449
4530 0.451
4540 0.454
4550 0.452
4560 0.455
4570 0.459
4580 0.461
4590 0.461
4600 0.465
4610 0.468
4620 0.467
4630 0.472
4640 0.472
4650 0.475
4660 0.478
4670 0.478
4680 0.479
4690 0.484
4700 0.485
4710 0.486
4720 0.49
4730 0.491
4740 0.492
4750 0.499
4760 0.499
4770 0.502
4780 0.504
4790 0.504
4800 0.504
4810 0.511
4820 0.512
4830 0.512
4840 0.517
4850 0.518
4860 0.518
4870 0.523
4880 0.523
4890 0.526
4900 0.528
4910 0.529
4920 0.532
4930 0.537
4940 0.536
4950 0.539
4960 0.541
4970 0.545
4980 0.546
4990 0.55
