10 0
20 0
30 0
40 0
50 0
60 0
70 0
80 0
90 0
100 0
110 0
120 0
130 0
140 0
150 0
160 0.015
170 0
180 0
190 0
200 0
210 0
220 0
230 0
240 0
250 0
260 0
270 0
280 0
290 0
300 0
310 0.016
320 0
330 0
340 0
350 0
360 0
370 0
380 0
390 0
400 0.016
410 0
420 0
430 0
440 0
450 0.016
460 0
470 0
480 0
490 0
500 0.015
510 0
520 0
530 0.016
540 0
550 0
560 0.016
570 0
580 0
590 0.015
600 0.016
610 0
620 0.015
630 0
640 0
650 0.016
660 0
670 0.016
680 0
690 0.015
700 0
710 0.016
720 0
730 0.016
740 0.015
750 0.016
760 0.015
770 0
780 0.016
790 0
800 0.016
810 0.015
820 0.016
830 0
840 0.016
850 0.015
860 0.031
870 0.016
880 0.016
890 0
900 0.015
910 0.016
920 0.016
930 0.031
940 0.015
950 0.016
960 0.031
970 0.016
980 0.016
990 0.015
1000 0.016
1010 0.031
1020 0.016
1030 0.031
1040 0.016
1050 0.015
1060 0.031
1070 0.016
1080 0.031
1090 0.032
1100 0.015
1110 0.031
1120 0.016
1130 0.047
1140 0.016
1150 0.031
1160 0.031
1170 0.016
1180 0.031
1190 0.031
1200 0.031
1210 0.032
1220 0.031
1230 0.016
1240 0.031
1250 0.047
1260 0.031
1270 0.047
1280 0.031
1290 0.016
1300 0.031
1310 0.047
1320 0.047
1330 0.031
1340 0.031
1350 0.047
1360 0.031
1370 0.032
1380 0.046
1390 0.032
1400 0.031
1410 0.062
1420 0.032
1430 0.047
1440 0.031
1450 0.047
1460 0.047
1470 0.031
1480 0.062
1490 0.032
1500 0.062
1510 0.031
1520 0.063
1530 0.047
1540 0.047
1550 0.046
1560 0.047
1570 0.047
1580 0.063
1590 0.047
1600 0.062
1610 0.063
1620 0.046
1630 0.063
1640 0.062
1650 0.047
1660 0.063
1670 0.062
1680 0.047
1690 0.063
1700 0.062
1710 0.063
1720 0.062
1730 0.078
1740 0.063
1750 0.062
1760 0.063
1770 0.078
1780 0.078
1790 0.063
1800 0.062
1810 0.078
1820 0.078
1830 0.063
1840 0.062
1850 0.094
1860 0.063
1870 0.078
1880 0.078
1890 0.078
1900 0.094
1910 0.078
1920 0.078
1930 0.078
1940 0.094
1950 0.094
1960 0.078
1970 0.093
1980 0.079
1990 0.093
2000 0.078
2010 0.094
2020 0.11
2030 0.078
2040 0.093
2050 0.094
2060 0.125
2070 0.11
2080 0.093
2090 0.094
2100 0.109
2110 0.11
2120 0.078
2130 0.078
2140 0.109
2150 0.109
2160 0.11
2170 0.094
2180 0.078
2190 0.094
2200 0.125
2210 0.109
2220 0.109
2230 0.11
2240 0.109
2250 0.11
2260 0.109
2270 0.125
2280 0.109
2290 0.125
2300 0.125
2310 0.125
2320 0.125
2330 0.125
2340 0.125
2350 0.11
2360 0.14
2370 0.094
2380 0.125
2390 0.141
2400 0.125
2410 0.14
2420 0.125
2430 0.141
2440 0.125
2450 0.125
2460 0.141
2470 0.14
2480 0.141
2490 0.14
2500 0.125
2510 0.141
2520 0.141
2530 0.14
2540 0.141
2550 0.156
2560 0.141
2570 0.156
2580 0.141
2590 0.156
2600 0.156
2610 0.141
2620 0.156
2630 0.156
2640 0.141
2650 0.156
2660 0.156
2670 0.172
2680 0.157
2690 0.156
2700 0.172
2710 0.156
2720 0.156
2730 0.172
2740 0.172
2750 0.156
2760 0.188
2770 0.156
2780 0.156
2790 0.187
2800 0.172
2810 0.172
2820 0.172
2830 0.187
2840 0.188
2850 0.171
2860 0.188
2870 0.172
2880 0.218
2890 0.157
2900 0.203
2910 0.172
2920 0.156
2930 0.204
2940 0.203
2950 0.172
2960 0.218
2970 0.172
2980 0.203
2990 0.172
3000 0.203
3010 0.187
3020 0.219
3030 0.187
3040 0.203
3050 0.219
3060 0.219
3070 0.203
3080 0.203
3090 0.219
3100 0.187
3110 0.219
3120 0.219
3130 0.219
3140 0.218
3150 0.219
3160 0.235
3170 0.218
3180 0.219
3190 0.234
3200 0.235
3210 0.234
3220 0.235
3230 0.234
3240 0.234
3250 0.25
3260 0.235
3270 0.25
3280 0.25
3290 0.25
3300 0.25
3310 0.265
3320 0.266
3330 0.281
3340 0.266
3350 0.265
3360 0.25
3370 0.266
3380 0.235
3390 0.265
3400 0.266
3410 0.266
3420 0.281
3430 0.266
3440 0.265
3450 0.281
3460 0.282
3470 0.281
3480 0.266
3490 0.281
3500 0.297
3510 0.297
3520 0.281
3530 0.297
3540 0.281
3550 0.297
3560 0.281
3570 0.313
3580 0.296
3590 0.297
3600 0.313
3610 0.297
3620 0.328
3630 0.312
3640 0.297
3650 0.328
3660 0.313
3670 0.312
3680 0.328
3690 0.313
3700 0.328
3710 0.328
3720 0.344
3730 0.328
3740 0.328
3750 0.328
3760 0.328
3770 0.359
3780 0.344
3790 0.328
3800 0.344
3810 0.344
3820 0.344
3830 0.343
3840 0.36
3850 0.359
3860 0.344
3870 0.359
3880 0.344
3890 0.375
3900 0.359
3910 0.344
3920 0.359
3930 0.375
3940 0.375
3950 0.375
3960 0.391
3970 0.375
3980 0.375
3990 0.39
4000 0.391
4010 0.391
4020 0.406
4030 0.39
4040 0.391
4050 0.406
4060 0.375
4070 0.422
4080 0.438
4090 0.406
4100 0.422
4110 0.406
4120 0.406
4130 0.422
4140 0.422
4150 0.406
4160 0.407
4170 0.421
4180 0.422
4190 0.453
4200 0.422
4210 0.422
4220 0.438
4230 0.437
4240 0.438
4250 0.437
4260 0.453
4270 0.438
4280 0.437
4290 0.438
4300 0.437
4310 0.453
4320 0.438
4330 0.453
4340 0.453
4350 0.469
4360 0.453
4370 0.468
4380 0.485
4390 0.469
4400 0.453
4410 0.484
4420 0.453
4430 0.485
4440 0.468
4450 0.469
4460 0.469
4470 0.5
4480 0.484
4490 0.516
4500 0.515
4510 0.5
4520 0.484
4530 0.5
4540 0.516
4550 0.5
4560 0.5
4570 0.531
4580 0.547
4590 0.531
4600 0.516
4610 0.5
4620 0.531
4630 0.516
4640 0.516
4650 0.515
4660 0.516
4670 0.531
4680 0.531
4690 0.547
4700 0.531
4710 0.532
4720 0.531
4730 0.547
4740 0.547
4750 0.547
4760 0.546
4770 0.547
4780 0.547
4790 0.547
4800 0.563
4810 0.562
4820 0.563
4830 0.562
4840 0.563
4850 0.578
4860 0.562
4870 0.578
4880 0.563
4890 0.563
4900 0.594
4910 0.562
4920 0.61
4930 0.593
4940 0.578
4950 0.594
4960 0.594
4970 0.593
4980 0.641
4990 0.594
